TURN ON
Encoding  : GREE
Mesg Desc.: Power: On, Mode: 1 (COOL), Temp: 25C, Fan: 0 (AUTO), Turbo: Off, XFan: Off, Light: On, Sleep: Off, Swing Vertical Mode: Auto, Swing Vertical Pos: 1 (Auto)
Code      : 49096050010200C0 (64 bits)
uint16_t rawData[139] = {9002, 4500,  642, 1670,  638, 562,  644, 566,  664, 1642,  640, 564,  640, 564,  642, 1666,  640, 564,  642, 1666,  640, 566,  640, 564,  642, 1666,  640, 564,  640, 564,  642, 564,  642, 564,  642, 562,  642, 564,  642, 564,  640, 566,  640, 566,  640, 1666,  640, 1668,  638, 564,  642, 562,  644, 562,  642, 562,  644, 564,  642, 1666,  642, 564,  642, 1666,  640, 564,  642, 560,  642, 1668,  640, 564,  642, 20002,  640, 1666,  638, 566,  642, 564,  640, 564,  644, 562,  642, 562,  642, 564,  642, 564,  642, 564,  642, 1664,  640, 566,  640, 562,  642, 564,  640, 564,  640, 564,  642, 564,  640, 564,  640, 564,  642, 564,  642, 564,  642, 562,  642, 564,  664, 542,  664, 540,  642, 562,  666, 538,  642, 564,  640, 566,  640, 566,  642, 562,  644, 1666,  640, 1666,  664};  // GREE
uint8_t state[8] = {0x49, 0x09, 0x60, 0x50, 0x01, 0x02, 0x00, 0xC0};

==================================================================
TURN OFF
Encoding  : GREE
Code      : 4109205001020040 (64 bits)
Mesg Desc.: Power: Off, Mode: 1 (COOL), Temp: 25C, Fan: 0 (AUTO), Turbo: Off, XFan: Off, Light: On, Sleep: Off, Swing Vertical Mode: Auto, Swing Vertical Pos: 1 (Auto)
uint16_t rawData[139] = {9030, 4476,  664, 1640,  666, 538,  664, 540,  666, 538,  642, 564,  642, 562,  666, 1640,  666, 542,  666, 1642,  664, 538,  664, 540,  668, 1642,  664, 540,  666, 540,  668, 538,  666, 540,  666, 538,  668, 538,  666, 540,  642, 564,  666, 540,  666, 1642,  664, 540,  642, 564,  640, 564,  668, 538,  668, 538,  666, 540,  666, 1642,  666, 538,  642, 1666,  666, 538,  642, 564,  640, 1666,  666, 538,  664, 19974,  640, 1668,  640, 562,  668, 540,  640, 564,  668, 538,  642, 564,  640, 564,  640, 564,  642, 566,  640, 1666,  640, 566,  642, 564,  640, 564,  642, 562,  642, 564,  642, 564,  642, 562,  642, 564,  656, 550,  640, 564,  640, 564,  642, 566,  640, 564,  642, 564,  640, 564,  640, 564,  666, 540,  664, 538,  666, 540,  668, 538,  666, 1640,  640, 564,  642};  // GREE
uint8_t state[8] = {0x41, 0x09, 0x20, 0x50, 0x01, 0x02, 0x00, 0x40};
==================================================================
16 oc
Encoding  : GREE
Code      : 4900605001020030 (64 bits)
Mesg Desc.: Power: On, Mode: 1 (COOL), Temp: 16C, Fan: 0 (AUTO), Turbo: Off, XFan: Off, Light: On, Sleep: Off, Swing Vertical Mode: Auto, Swing Vertical Pos: 1 (Auto)
uint16_t rawData[139] = {9006, 4498,  666, 1646,  664, 534,  666, 540,  640, 1666,  640, 564,  642, 562,  642, 1664,  642, 564,  642, 566,  664, 540,  640, 564,  640, 564,  642, 562,  642, 564,  642, 564,  642, 564,  640, 564,  642, 564,  642, 564,  642, 562,  642, 564,  642, 1664,  642, 1666,  640, 564,  640, 566,  666, 538,  642, 562,  642, 564,  642, 1666,  664, 540,  642, 1666,  640, 564,  642, 564,  640, 1690,  616, 564,  642, 19996,  666, 1646,  636, 566,  640, 564,  642, 562,  642, 562,  642, 564,  642, 562,  642, 562,  668, 538,  664, 1644,  642, 562,  642, 562,  642, 564,  642, 564,  666, 538,  664, 540,  642, 566,  664, 540,  646, 558,  642, 564,  642, 564,  642, 564,  642, 564,  642, 564,  642, 564,  642, 566,  640, 564,  664, 540,  668, 1640,  642, 1664,  644, 562,  664, 540,  666};  // GREE
uint8_t state[8] = {0x49, 0x00, 0x60, 0x50, 0x01, 0x02, 0x00, 0x30};
==================================================================
17 oc
Timestamp : 000440.386
Encoding  : GREE
Code      : 4901605001020040 (64 bits)
Mesg Desc.: Power: On, Mode: 1 (COOL), Temp: 17C, Fan: 0 (AUTO), Turbo: Off, XFan: Off, Light: On, Sleep: Off, Swing Vertical Mode: Auto, Swing Vertical Pos: 1 (Auto)
uint16_t rawData[139] = {9000, 4500,  640, 1664,  644, 562,  642, 564,  640, 1666,  640, 564,  642, 562,  642, 1668,  638, 564,  640, 1668,  638, 566,  640, 564,  642, 564,  642, 564,  640, 564,  642, 564,  640, 564,  640, 564,  640, 566,  640, 562,  642, 564,  640, 564,  642, 1666,  640, 1666,  642, 564,  640, 564,  640, 564,  640, 564,  640, 566,  640, 1668,  638, 566,  640, 1668,  638, 566,  640, 564,  642, 1670,  636, 564,  642, 19998,  642, 1670,  638, 564,  642, 562,  642, 564,  642, 564,  640, 566,  640, 566,  640, 566,  640, 566,  640, 1666,  640, 564,  640, 564,  642, 564,  640, 564,  642, 564,  642, 562,  640, 566,  640, 564,  642, 564,  640, 564,  642, 564,  642, 564,  642, 564,  642, 564,  642, 562,  640, 564,  642, 564,  642, 564,  640, 566,  640, 562,  642, 1670,  640, 562,  642};  // GREE
uint8_t state[8] = {0x49, 0x01, 0x60, 0x50, 0x01, 0x02, 0x00, 0x40};
==================================================================
18 oc
Timestamp : 000648.600
Encoding  : GREE
Code      : 4902605001020050 (64 bits)
Mesg Desc.: Power: On, Mode: 1 (COOL), Temp: 18C, Fan: 0 (AUTO), Turbo: Off, XFan: Off, Light: On, Sleep: Off, Swing Vertical Mode: Auto, Swing Vertical Pos: 1 (Auto)
uint16_t rawData[139] = {9004, 4476,  640, 1668,  640, 562,  666, 540,  666, 1644,  638, 564,  640, 564,  642, 1668,  640, 564,  644, 560,  642, 1666,  640, 564,  642, 562,  666, 540,  642, 564,  664, 540,  642, 564,  640, 564,  642, 564,  642, 564,  642, 564,  668, 538,  642, 1668,  640, 1668,  638, 564,  642, 564,  664, 540,  642, 564,  640, 566,  664, 1640,  668, 540,  664, 1640,  644, 564,  642, 564,  640, 1668,  640, 562,  642, 19998,  664, 1644,  662, 540,  642, 564,  666, 538,  666, 540,  664, 542,  642, 562,  666, 540,  666, 538,  666, 1642,  642, 564,  640, 566,  638, 564,  642, 566,  640, 562,  642, 564,  640, 566,  664, 540,  666, 540,  666, 540,  640, 564,  664, 540,  642, 564,  640, 562,  668, 540,  666, 540,  666, 538,  642, 564,  642, 1666,  642, 564,  642, 1668,  664, 540,  642};  // GREE
uint8_t state[8] = {0x49, 0x02, 0x60, 0x50, 0x01, 0x02, 0x00, 0x50};
===================================================================
19 oc
Timestamp : 000734.116
Encoding  : GREE
Code      : 4903605001020060 (64 bits)
Mesg Desc.: Power: On, Mode: 1 (COOL), Temp: 19C, Fan: 0 (AUTO), Turbo: Off, XFan: Off, Light: On, Sleep: Off, Swing Vertical Mode: Auto, Swing Vertical Pos: 1 (Auto)
uint16_t rawData[139] = {8982, 4500,  642, 1666,  640, 564,  642, 564,  640, 1664,  642, 564,  642, 564,  640, 1692,  616, 564,  642, 1668,  638, 1666,  642, 562,  642, 564,  640, 564,  642, 564,  642, 564,  642, 564,  642, 564,  640, 590,  642, 564,  642, 564,  640, 564,  640, 1668,  640, 1668,  638, 564,  642, 564,  642, 564,  640, 564,  642, 564,  642, 1666,  642, 564,  640, 1670,  638, 562,  642, 564,  642, 1664,  642, 566,  640, 20002,  640, 1666,  642, 564,  640, 564,  642, 564,  642, 564,  640, 564,  642, 564,  642, 562,  642, 564,  640, 1666,  642, 564,  642, 564,  640, 562,  642, 566,  640, 564,  640, 564,  642, 564,  642, 564,  640, 564,  642, 564,  642, 564,  642, 564,  642, 564,  642, 564,  640, 564,  640, 564,  640, 566,  640, 564,  642, 564,  640, 1666,  640, 1664,  642, 564,  642};  // GREE
uint8_t state[8] = {0x49, 0x03, 0x60, 0x50, 0x01, 0x02, 0x00, 0x60};
==================================================================
20 oc
Timestamp : 000960.744
Encoding  : GREE
Code      : 4904605001020070 (64 bits)
Mesg Desc.: Power: On, Mode: 1 (COOL), Temp: 20C, Fan: 0 (AUTO), Turbo: Off, XFan: Off, Light: On, Sleep: Off, Swing Vertical Mode: Auto, Swing Vertical Pos: 1 (Auto)
uint16_t rawData[139] = {8982, 4500,  640, 1664,  642, 564,  642, 564,  642, 1666,  640, 564,  640, 564,  642, 1692,  614, 566,  640, 566,  640, 566,  640, 1668,  638, 564,  642, 564,  640, 566,  640, 564,  642, 564,  642, 564,  640, 566,  640, 566,  640, 566,  640, 566,  640, 1668,  640, 1670,  638, 562,  642, 564,  640, 568,  638, 564,  644, 562,  642, 1666,  640, 564,  642, 1670,  638, 564,  640, 564,  642, 1666,  640, 564,  640, 20000,  640, 1666,  642, 564,  642, 564,  640, 564,  642, 566,  640, 564,  642, 564,  642, 564,  642, 566,  640, 1666,  640, 564,  642, 564,  642, 564,  642, 564,  642, 564,  642, 564,  642, 564,  642, 564,  640, 564,  640, 566,  642, 564,  640, 566,  640, 564,  640, 566,  640, 564,  642, 566,  640, 564,  642, 562,  642, 1668,  640, 1666,  640, 1666,  642, 564,  640};  // GREE
uint8_t state[8] = {0x49, 0x04, 0x60, 0x50, 0x01, 0x02, 0x00, 0x70};
=================================================================
21 oc
Timestamp : 001046.400
Encoding  : GREE
Code      : 4905605001020080 (64 bits)
Mesg Desc.: Power: On, Mode: 1 (COOL), Temp: 21C, Fan: 0 (AUTO), Turbo: Off, XFan: Off, Light: On, Sleep: Off, Swing Vertical Mode: Auto, Swing Vertical Pos: 1 (Auto)
uint16_t rawData[139] = {9006, 4500,  638, 1670,  638, 564,  642, 564,  640, 1668,  638, 566,  640, 566,  640, 1670,  638, 566,  640, 1668,  640, 564,  640, 1668,  640, 564,  640, 564,  642, 564,  640, 564,  640, 564,  640, 566,  642, 590,  642, 564,  640, 564,  642, 564,  642, 1668,  640, 1666,  642, 562,  642, 564,  640, 568,  638, 564,  640, 564,  642, 1670,  638, 564,  642, 1668,  638, 564,  642, 566,  638, 1668,  638, 566,  640, 19998,  642, 1666,  640, 562,  642, 564,  642, 564,  640, 564,  642, 566,  640, 564,  640, 564,  642, 564,  642, 1670,  636, 564,  642, 564,  640, 566,  642, 564,  640, 566,  640, 564,  642, 564,  640, 566,  640, 564,  642, 562,  642, 566,  640, 564,  640, 564,  642, 564,  640, 564,  642, 566,  640, 564,  640, 564,  640, 564,  640, 564,  642, 564,  640, 1668,  640};  // GREE
uint8_t state[8] = {0x49, 0x05, 0x60, 0x50, 0x01, 0x02, 0x00, 0x80};
=================================================================
22 oc
Timestamp : 001255.722
Encoding  : GREE
Code      : 4906605001020090 (64 bits)
Mesg Desc.: Power: On, Mode: 1 (COOL), Temp: 22C, Fan: 0 (AUTO), Turbo: Off, XFan: Off, Light: On, Sleep: Off, Swing Vertical Mode: Auto, Swing Vertical Pos: 1 (Auto)
uint16_t rawData[139] = {9006, 4498,  642, 1668,  638, 564,  642, 564,  642, 1668,  640, 566,  640, 564,  642, 1666,  640, 564,  640, 566,  640, 1668,  638, 1668,  640, 564,  642, 564,  640, 564,  666, 538,  642, 564,  642, 564,  640, 564,  640, 566,  642, 562,  640, 564,  640, 1668,  638, 1666,  642, 566,  638, 564,  642, 564,  642, 564,  642, 564,  642, 1666,  640, 564,  642, 1664,  640, 564,  642, 564,  640, 1668,  642, 564,  640, 19996,  644, 1664,  642, 564,  640, 564,  642, 564,  642, 564,  642, 564,  642, 564,  642, 566,  640, 562,  642, 1668,  638, 564,  664, 542,  640, 564,  640, 566,  640, 566,  640, 562,  642, 566,  644, 562,  640, 564,  642, 564,  642, 564,  640, 566,  640, 564,  642, 562,  642, 564,  642, 564,  642, 566,  640, 566,  640, 1666,  640, 584,  620, 564,  642, 1666,  642};  // GREE
uint8_t state[8] = {0x49, 0x06, 0x60, 0x50, 0x01, 0x02, 0x00, 0x90};
================================================================
23 oc
Timestamp : 001306.208
Encoding  : GREE
Code      : 49076050010200A0 (64 bits)
Mesg Desc.: Power: On, Mode: 1 (COOL), Temp: 23C, Fan: 0 (AUTO), Turbo: Off, XFan: Off, Light: On, Sleep: Off, Swing Vertical Mode: Auto, Swing Vertical Pos: 1 (Auto)
uint16_t rawData[139] = {9000, 4474,  640, 1668,  638, 564,  642, 564,  640, 1668,  640, 564,  640, 566,  640, 1668,  638, 564,  642, 1666,  640, 1666,  640, 1668,  664, 540,  666, 540,  640, 566,  640, 564,  640, 566,  640, 564,  666, 538,  640, 564,  640, 564,  642, 564,  640, 1666,  666, 1642,  640, 564,  664, 540,  640, 564,  640, 564,  640, 564,  640, 1666,  640, 564,  640, 1668,  640, 566,  666, 540,  640, 1666,  640, 564,  642, 20000,  642, 1664,  640, 566,  642, 562,  642, 566,  666, 540,  640, 566,  640, 566,  640, 564,  642, 562,  642, 1668,  638, 564,  642, 564,  642, 564,  642, 564,  640, 564,  642, 564,  640, 564,  642, 564,  640, 564,  642, 564,  640, 564,  640, 564,  642, 564,  640, 566,  640, 566,  640, 564,  642, 566,  640, 564,  642, 564,  642, 1666,  638, 564,  642, 1668,  638};  // GREE
uint8_t state[8] = {0x49, 0x07, 0x60, 0x50, 0x01, 0x02, 0x00, 0xA0};
================================================================
24 oc
Timestamp : 001389.581
Encoding  : GREE
Code      : 49086050010200B0 (64 bits)
Mesg Desc.: Power: On, Mode: 1 (COOL), Temp: 24C, Fan: 0 (AUTO), Turbo: Off, XFan: Off, Light: On, Sleep: Off, Swing Vertical Mode: Auto, Swing Vertical Pos: 1 (Auto)
uint16_t rawData[139] = {9006, 4474,  640, 1668,  638, 566,  640, 564,  666, 1642,  666, 538,  664, 540,  642, 1666,  640, 564,  640, 564,  660, 544,  642, 564,  640, 1666,  640, 566,  640, 564,  642, 564,  666, 538,  642, 564,  642, 562,  666, 540,  642, 564,  646, 560,  640, 1668,  640, 1666,  664, 538,  642, 564,  640, 564,  666, 540,  642, 562,  668, 1640,  664, 540,  640, 1666,  666, 536,  642, 564,  666, 1642,  640, 562,  644, 19996,  640, 1666,  668, 538,  666, 540,  666, 538,  640, 564,  642, 562,  642, 564,  666, 538,  642, 564,  668, 1642,  662, 540,  668, 538,  666, 540,  666, 540,  640, 564,  642, 564,  642, 564,  640, 566,  640, 564,  666, 540,  640, 566,  664, 540,  642, 562,  668, 538,  640, 562,  668, 538,  666, 540,  666, 540,  642, 1666,  640, 1668,  640, 564,  642, 1668,  640};  // GREE
uint8_t state[8] = {0x49, 0x08, 0x60, 0x50, 0x01, 0x02, 0x00, 0xB0};
================================================================
25 oc
Timestamp : 001679.169
Encoding  : GREE
Code      : 49096050010200C0 (64 bits)
Mesg Desc.: Power: On, Mode: 1 (COOL), Temp: 25C, Fan: 0 (AUTO), Turbo: Off, XFan: Off, Light: On, Sleep: Off, Swing Vertical Mode: Auto, Swing Vertical Pos: 1 (Auto)
uint16_t rawData[139] = {8982, 4498,  642, 1666,  642, 562,  642, 564,  666, 1642,  666, 538,  642, 564,  666, 1644,  664, 538,  666, 1644,  664, 538,  668, 540,  666, 1638,  644, 562,  668, 538,  642, 562,  668, 538,  666, 540,  640, 564,  640, 566,  664, 540,  666, 538,  640, 1668,  640, 1664,  668, 538,  666, 538,  644, 560,  642, 564,  666, 538,  642, 1668,  664, 540,  664, 1644,  666, 540,  640, 564,  666, 1642,  666, 538,  642, 20000,  666, 1646,  660, 540,  664, 540,  642, 564,  642, 564,  664, 540,  642, 564,  642, 564,  642, 566,  666, 1642,  642, 564,  664, 540,  640, 564,  666, 538,  666, 538,  664, 542,  664, 540,  666, 538,  668, 538,  666, 540,  642, 564,  642, 564,  666, 540,  640, 564,  666, 542,  664, 540,  666, 538,  642, 564,  642, 564,  642, 564,  642, 1664,  644, 1666,  642};  // GREE
uint8_t state[8] = {0x49, 0x09, 0x60, 0x50, 0x01, 0x02, 0x00, 0xC0};
===============================================================
26 oc
Timestamp : 001728.931
Encoding  : GREE
Code      : 490A6050010200D0 (64 bits)
Mesg Desc.: Power: On, Mode: 1 (COOL), Temp: 26C, Fan: 0 (AUTO), Turbo: Off, XFan: Off, Light: On, Sleep: Off, Swing Vertical Mode: Auto, Swing Vertical Pos: 1 (Auto)
uint16_t rawData[139] = {8978, 4500,  642, 1664,  668, 540,  642, 562,  642, 1670,  662, 540,  642, 566,  640, 1664,  668, 540,  640, 562,  668, 1642,  662, 542,  666, 1642,  640, 564,  666, 540,  642, 564,  666, 540,  666, 540,  642, 562,  668, 540,  664, 540,  666, 538,  668, 1640,  642, 1666,  640, 564,  642, 566,  666, 538,  668, 540,  666, 540,  668, 1644,  638, 564,  664, 1644,  640, 564,  666, 540,  664, 1642,  664, 540,  650, 19990,  642, 1668,  638, 564,  666, 540,  666, 540,  640, 566,  640, 564,  642, 564,  642, 564,  664, 540,  640, 1668,  640, 564,  640, 564,  640, 566,  664, 540,  666, 540,  640, 564,  642, 564,  668, 538,  642, 564,  640, 564,  642, 564,  640, 564,  642, 564,  668, 538,  666, 538,  668, 538,  642, 564,  642, 562,  668, 1642,  640, 562,  668, 1644,  664, 1642,  640};  // GREE
uint8_t state[8] = {0x49, 0x0A, 0x60, 0x50, 0x01, 0x02, 0x00, 0xD0};
===============================================================
27 oc
Timestamp : 002017.322
Encoding  : GREE
Code      : 490B6050010200E0 (64 bits)
Mesg Desc.: Power: On, Mode: 1 (COOL), Temp: 27C, Fan: 0 (AUTO), Turbo: Off, XFan: Off, Light: On, Sleep: Off, Swing Vertical Mode: Auto, Swing Vertical Pos: 1 (Auto)
uint16_t rawData[139] = {8982, 4500,  642, 1662,  642, 564,  642, 564,  640, 1668,  638, 566,  666, 540,  642, 1668,  638, 564,  664, 1644,  638, 1670,  638, 562,  642, 1664,  666, 538,  642, 566,  640, 564,  640, 564,  640, 592,  640, 566,  666, 540,  642, 562,  668, 538,  642, 1666,  642, 1668,  640, 564,  640, 564,  642, 564,  642, 564,  640, 564,  642, 1666,  640, 566,  640, 1692,  616, 564,  642, 564,  642, 1666,  640, 566,  640, 19998,  642, 1664,  642, 564,  640, 564,  642, 564,  640, 566,  640, 564,  640, 564,  640, 566,  640, 564,  642, 1666,  640, 564,  640, 564,  640, 564,  642, 564,  642, 564,  640, 562,  644, 564,  640, 564,  640, 564,  642, 564,  640, 566,  640, 564,  640, 564,  642, 564,  640, 564,  640, 566,  666, 540,  640, 564,  640, 566,  640, 1666,  642, 1666,  640, 1668,  640};  // GREE
uint8_t state[8] = {0x49, 0x0B, 0x60, 0x50, 0x01, 0x02, 0x00, 0xE0};
===============================================================
28 oc
Timestamp : 002202.484
Encoding  : GREE
Code      : 490C6050010200F0 (64 bits)
Mesg Desc.: Power: On, Mode: 1 (COOL), Temp: 28C, Fan: 0 (AUTO), Turbo: Off, XFan: Off, Light: On, Sleep: Off, Swing Vertical Mode: Auto, Swing Vertical Pos: 1 (Auto)
uint16_t rawData[139] = {9004, 4500,  662, 1644,  666, 540,  666, 540,  640, 1668,  638, 564,  666, 540,  642, 1666,  666, 538,  666, 538,  642, 566,  640, 1668,  666, 1640,  642, 564,  666, 540,  648, 556,  668, 540,  640, 566,  664, 540,  668, 538,  640, 564,  642, 564,  666, 1644,  664, 1640,  642, 562,  668, 540,  666, 538,  666, 538,  644, 562,  666, 1644,  652, 552,  666, 1640,  668, 540,  666, 538,  666, 1642,  638, 566,  640, 20000,  662, 1646,  654, 548,  640, 564,  668, 538,  642, 564,  640, 564,  668, 540,  642, 562,  644, 564,  640, 1668,  640, 564,  640, 564,  666, 540,  640, 566,  664, 540,  664, 540,  640, 564,  642, 564,  668, 536,  644, 564,  640, 566,  640, 564,  642, 564,  640, 566,  664, 538,  640, 564,  642, 562,  642, 564,  666, 1642,  640, 1668,  664, 1642,  640, 1666,  640};  // GREE
uint8_t state[8] = {0x49, 0x0C, 0x60, 0x50, 0x01, 0x02, 0x00, 0xF0};
==============================================================
29 oc
Timestamp : 002229.907
Encoding  : GREE
Code      : 490D605001020000 (64 bits)
Mesg Desc.: Power: On, Mode: 1 (COOL), Temp: 29C, Fan: 0 (AUTO), Turbo: Off, XFan: Off, Light: On, Sleep: Off, Swing Vertical Mode: Auto, Swing Vertical Pos: 1 (Auto)
uint16_t rawData[139] = {9004, 4498,  642, 1668,  638, 564,  642, 564,  640, 1668,  640, 566,  640, 564,  640, 1668,  640, 564,  640, 1668,  638, 564,  640, 1668,  640, 1666,  640, 564,  640, 564,  642, 564,  642, 564,  640, 564,  642, 564,  642, 564,  640, 566,  640, 566,  640, 1670,  636, 1666,  640, 566,  642, 564,  640, 564,  642, 562,  642, 566,  640, 1668,  638, 566,  640, 1668,  640, 562,  642, 564,  642, 1666,  640, 564,  642, 19998,  640, 1670,  638, 564,  640, 564,  642, 564,  642, 564,  640, 564,  640, 564,  642, 566,  640, 564,  642, 1664,  642, 564,  642, 562,  642, 564,  640, 564,  642, 564,  642, 564,  640, 566,  640, 566,  640, 564,  640, 564,  642, 564,  638, 566,  640, 564,  640, 564,  642, 564,  640, 564,  640, 564,  640, 566,  640, 566,  640, 564,  642, 564,  642, 562,  642};  // GREE
uint8_t state[8] = {0x49, 0x0D, 0x60, 0x50, 0x01, 0x02, 0x00, 0x00};
===============================================================
30 oc
Timestamp : 002297.644
Encoding  : GREE
Code      : 490E605001020010 (64 bits)
Mesg Desc.: Power: On, Mode: 1 (COOL), Temp: 30C, Fan: 0 (AUTO), Turbo: Off, XFan: Off, Light: On, Sleep: Off, Swing Vertical Mode: Auto, Swing Vertical Pos: 1 (Auto)
uint16_t rawData[139] = {8980, 4500,  640, 1666,  640, 564,  642, 564,  640, 1668,  640, 564,  642, 564,  642, 1668,  638, 564,  642, 566,  640, 1666,  640, 1666,  642, 1666,  642, 564,  640, 564,  642, 564,  640, 564,  642, 564,  640, 564,  640, 564,  640, 564,  642, 564,  640, 1692,  616, 1666,  640, 566,  642, 564,  640, 564,  640, 564,  642, 564,  640, 1666,  642, 564,  642, 1666,  640, 564,  640, 564,  642, 1666,  640, 564,  640, 19996,  644, 1664,  640, 564,  642, 564,  642, 564,  640, 564,  642, 564,  640, 566,  640, 564,  640, 564,  642, 1666,  640, 566,  640, 564,  640, 564,  642, 564,  640, 566,  640, 564,  642, 570,  636, 566,  640, 564,  640, 564,  642, 564,  642, 566,  640, 564,  640, 564,  642, 564,  642, 564,  642, 564,  642, 564,  642, 1668,  640, 564,  640, 564,  640, 562,  642};  // GREE
uint8_t state[8] = {0x49, 0x0E, 0x60, 0x50, 0x01, 0x02, 0x00, 0x10};














